 -0.356062  -0.356062   1.241677   1.970446 
  0.162758  -0.162758   0.000000   0.000000 
f(x[0])=0.676066459278706+(2.607417612121155i)
f(x[1])=0.676066459278706+(-2.607417612121155i)
f(x[2])=0.000000000000000
f(x[3])=0.000000000000000
