  1.000000  -1.000000  -1.000000 
  0.000000   2.000000  -2.000000 
f(x[0])=0.000000000000000
f(x[1])=8.000000000000000+(44.000000000000000i)
f(x[2])=8.000000000000000+(-44.000000000000000i)
