  1.000000   1.000000  -0.000000  -0.000000  -0.000000  -0.000000 
  0.000000   0.000000   2.000000  -2.000000   3.000000  -3.000000 
f(x[0])=0.000000000000005
f(x[1])=-0.000000000000005
f(x[2])=-3008.000000000000000+(-6232.000000000000000i)
f(x[3])=-3008.000000000000000+(6232.000000000000000i)
f(x[4])=-84888.000000000000000+(-254988.000000000000000i)
f(x[5])=-84888.000000000000000+(254988.000000000000000i)
