info: 1
x1=-1116.826736546220218, x2=4830.251591575881321, x3=3998.988573882165383, x4=0.010011814251590
|f1|=0.000000059604645, |f2|=0.000000715255737, |f3|=0.000000119209290, |f4|=0.000000476837158

