info: 1
x1=2164.799096830761755, x2=-4405.321816721912910, x3=4052.891538965028303, x4=0.010007649962385
|f1|=0.000000000000000, |f2|=0.000000000000000, |f3|=0.000000119209290, |f4|=0.000000238418579

