info: 1
x1=2164.799096830753570, x2=-4405.321816721910182, x3=4052.891538965024665, x4=0.010007649962385
|f1|=0.000000000000000, |f2|=0.000000238418579, |f3|=0.000000000000000, |f4|=0.000000238418579

