info: 1
x1=-1116.826736546217035, x2=4830.251591575880411, x3=3998.988573882164474, x4=0.010011814251590
|f1|=0.000000029802322, |f2|=0.000000238418579, |f3|=0.000000119209290, |f4|=0.000000000000000

