info: 1
x1=3037.956354395139442, x2=-4032.992722377335667, x3=3880.049236804085012, x4=0.009999990045301
|f1|=0.000000000000000, |f2|=0.000000238418579, |f3|=0.000000000000000, |f4|=0.000000119209290

