info: 1
x1=3037.956354395137168, x2=-4032.992722377334303, x3=3880.049236804072734, x4=0.009999990045301
|f1|=0.000000119209290, |f2|=0.000000715255737, |f3|=0.000000238418579, |f4|=0.000000059604645

