info: 1
x1=20.789603747274541, x2=-0.097327021811473
|f1|=0.000000021000568, |f2|=0.000000388876970

