 -0.250237  -0.198710  -0.198710   2.260086 -12.612430 
  0.000000   0.813313  -0.813313   0.000000   0.000000 
f(x[0])=0.000000000000000
f(x[1])=-15.400911733153524+(-31.439858379209195i)
f(x[2])=-15.400911733153524+(31.439858379209195i)
f(x[3])=-0.000000000000021
f(x[4])=0.000000000058208
