  1.000000   1.000000  -2.000000  -2.000000   3.000000 
  2.000000  -2.000000   1.000000  -1.000000   0.000000 
f(x[0])=-96.000000000000000+(-32.000000000000000i)
f(x[1])=-96.000000000000000+(32.000000000000000i)
f(x[2])=-134.999999999999972+(-174.999999999999943i)
f(x[3])=-134.999999999999972+(174.999999999999943i)
f(x[4])=0.000000000000000
