info: 1
x1=0.500000000000000, x2=0.000000000000167, x3=-0.523598775598292
|f1|=0.000000000000000, |f2|=0.000000000002691, |f3|=0.000000000000060
