info: 1
x1=0.442108154641091, x2=-0.944210815464109, x3=1.027894592267927, x4=-0.972105407732073
|f1|=0.000000000000002, |f2|=0.000000000000000, |f3|=0.000000000000226, |f4|=0.000000000000625

